# transform file /scratch/users/chrisgor/ds114_test1/derivatives/freesurfer/sub-01/mri/transforms/cc_up.lta
# created by chrisgor on Mon Sep 12 22:17:25 2016

type      = 0
nxforms   = 1
mean      = 128.0000 120.0000 122.0000
sigma     = 10000.0000
1 4 4
9.877552986145020e-01 7.805190980434418e-02 -1.350826025009155e-01 6.124952316284180e+00 
-7.733210921287537e-02 9.969493746757507e-01 1.057571824640036e-02 3.422651290893555e+01 
1.354959607124329e-01 4.656612873077393e-10 9.907779097557068e-01 5.397874832153320e+00 
0.000000000000000e+00 0.000000000000000e+00 0.000000000000000e+00 1.000000000000000e+00 
src volume info
valid = 1  # volume info valid
filename = /scratch/users/chrisgor/ds114_test1/derivatives/freesurfer/sub-01/mri/norm.mgz
volume = 256 256 256
voxelsize = 1.000000000000000e+00 1.000000000000000e+00 1.000000000000000e+00
xras   = -9.999999403953552e-01 4.656612873077393e-09 -9.313225746154785e-10
yras   = -9.313225746154785e-10 7.450580596923828e-09 -9.999999403953552e-01
zras   = -1.513399183750153e-09 1.000000119209290e+00 7.450580596923828e-09
cras   = 1.995697021484375e-01 2.030433654785156e+01 -4.128829956054688e+01
dst volume info
valid = 1  # volume info valid
filename = /scratch/users/chrisgor/ds114_test1/derivatives/freesurfer/sub-01/mri/norm.mgz
volume = 256 256 256
voxelsize = 1.000000000000000e+00 1.000000000000000e+00 1.000000000000000e+00
xras   = -9.999999403953552e-01 4.656612873077393e-09 -9.313225746154785e-10
yras   = -9.313225746154785e-10 7.450580596923828e-09 -9.999999403953552e-01
zras   = -1.513399183750153e-09 1.000000119209290e+00 7.450580596923828e-09
cras   = 1.995697021484375e-01 2.030433654785156e+01 -4.128829956054688e+01
