# transform file transforms/talairach_with_skull_2.lta
# created by chrisgor on Mon Sep 12 22:00:37 2016

type      = 0
nxforms   = 1
mean      = 129.0000 116.0000 122.0000
sigma     = 10000.0000
1 4 4
1.197241544723511e+00 1.014821678400040e-01 -1.588195562362671e-01 -2.274091148376465e+01 
-5.221213027834892e-02 1.413678407669067e+00 3.781079649925232e-01 -7.419847106933594e+01 
1.295373737812042e-01 -2.842877805233002e-01 1.110287904739380e+00 -1.250408935546875e+01 
0.000000000000000e+00 0.000000000000000e+00 0.000000000000000e+00 1.000000000000000e+00 
src volume info
valid = 1  # volume info valid
filename = nu_noneck.mgz
volume = 256 256 256
voxelsize = 1.000000000000000e+00 1.000000000000000e+00 1.000000000000000e+00
xras   = -9.999999403953552e-01 4.656612873077393e-09 -9.313225746154785e-10
yras   = -9.313225746154785e-10 7.450580596923828e-09 -9.999999403953552e-01
zras   = -1.513399183750153e-09 1.000000119209290e+00 7.450580596923828e-09
cras   = 1.995697021484375e-01 2.030433654785156e+01 -4.128829956054688e+01
dst volume info
valid = 1  # volume info valid
filename = /opt/freesurfer/average/RB_all_withskull_2008-03-26.gca
volume = 256 256 256
voxelsize = 1.000000000000000e+00 1.000000000000000e+00 1.000000000000000e+00
xras   = -1.000000000000000e+00 0.000000000000000e+00 0.000000000000000e+00
yras   = 0.000000000000000e+00 0.000000000000000e+00 -1.000000000000000e+00
zras   = 0.000000000000000e+00 1.000000000000000e+00 0.000000000000000e+00
cras   = 0.000000000000000e+00 0.000000000000000e+00 0.000000000000000e+00
fscale 0.150000
