# transform file transforms/talairach.lta
# created by chrisgor on Mon Sep 12 17:13:25 2016

type      = 0
nxforms   = 1
mean      = 129.0000 116.0000 122.0000
sigma     = 10000.0000
1 4 4
1.157238841056824e+00 8.599234372377396e-02 -1.552964001893997e-01 -1.673686027526855e+01 
-4.109442979097366e-02 1.308453440666199e+00 3.381615877151489e-01 -5.914193725585938e+01 
1.210644990205765e-01 -2.598336338996887e-01 1.054862022399902e+00 -7.077192306518555e+00 
0.000000000000000e+00 0.000000000000000e+00 0.000000000000000e+00 1.000000000000000e+00 
src volume info
valid = 1  # volume info valid
filename = nu.mgz
volume = 256 256 256
voxelsize = 1.000000000000000e+00 1.000000000000000e+00 1.000000000000000e+00
xras   = -9.999999403953552e-01 4.656612873077393e-09 -9.313225746154785e-10
yras   = -9.313225746154785e-10 7.450580596923828e-09 -9.999999403953552e-01
zras   = -1.513399183750153e-09 1.000000119209290e+00 7.450580596923828e-09
cras   = 1.995697021484375e-01 2.030433654785156e+01 -4.128829956054688e+01
dst volume info
valid = 1  # volume info valid
filename = /opt/freesurfer/average/RB_all_2008-03-26.gca
volume = 256 256 256
voxelsize = 1.000000000000000e+00 1.000000000000000e+00 1.000000000000000e+00
xras   = -1.000000000000000e+00 0.000000000000000e+00 0.000000000000000e+00
yras   = 0.000000000000000e+00 0.000000000000000e+00 -1.000000000000000e+00
zras   = 0.000000000000000e+00 1.000000000000000e+00 0.000000000000000e+00
cras   = 0.000000000000000e+00 0.000000000000000e+00 0.000000000000000e+00
