# transform file transforms/talairach_with_skull.lta
# created by chrisgor on Mon Sep 12 16:52:46 2016

type      = 0
nxforms   = 1
mean      = 129.0000 134.0000 128.0000
sigma     = 10000.0000
1 4 4
1.174291610717773e+00 6.581795215606689e-02 -1.510866284370422e-01 -1.755642700195312e+01 
-8.239150047302246e-03 1.402219295501709e+00 4.658232629299164e-01 -9.066928100585938e+01 
1.642689108848572e-01 -3.909591436386108e-01 1.109673738479614e+00 -3.685807228088379e+00 
0.000000000000000e+00 0.000000000000000e+00 0.000000000000000e+00 1.000000000000000e+00 
src volume info
valid = 1  # volume info valid
filename = nu.mgz
volume = 256 256 256
voxelsize = 1.000000000000000e+00 1.000000000000000e+00 1.000000000000000e+00
xras   = -9.999999403953552e-01 4.656612873077393e-09 -9.313225746154785e-10
yras   = -9.313225746154785e-10 7.450580596923828e-09 -9.999999403953552e-01
zras   = -1.513399183750153e-09 1.000000119209290e+00 7.450580596923828e-09
cras   = 1.995697021484375e-01 2.030433654785156e+01 -4.128829956054688e+01
dst volume info
valid = 1  # volume info valid
filename = /opt/freesurfer/average/RB_all_withskull_2008-03-26.gca
volume = 256 256 256
voxelsize = 1.000000000000000e+00 1.000000000000000e+00 1.000000000000000e+00
xras   = -1.000000000000000e+00 0.000000000000000e+00 0.000000000000000e+00
yras   = 0.000000000000000e+00 0.000000000000000e+00 -1.000000000000000e+00
zras   = 0.000000000000000e+00 1.000000000000000e+00 0.000000000000000e+00
cras   = 0.000000000000000e+00 0.000000000000000e+00 0.000000000000000e+00
