# transform file /scratch/users/chrisgor/ds114_test1/derivatives/freesurfer/sub-02/mri/transforms/cc_up.lta
# created by chrisgor on Mon Sep 12 21:35:17 2016

type      = 0
nxforms   = 1
mean      = 129.0000 117.0000 129.0000
sigma     = 10000.0000
1 4 4
9.991422295570374e-01 -3.546293079853058e-02 2.138791605830193e-02 6.091663241386414e-01 
3.545480966567993e-02 9.993710517883301e-01 7.589554297737777e-04 3.042097473144531e+01 
-2.140137739479542e-02 2.910383392618066e-11 9.997709989547729e-01 1.877366638183594e+01 
0.000000000000000e+00 0.000000000000000e+00 0.000000000000000e+00 1.000000000000000e+00 
src volume info
valid = 1  # volume info valid
filename = /scratch/users/chrisgor/ds114_test1/derivatives/freesurfer/sub-02/mri/norm.mgz
volume = 256 256 256
voxelsize = 1.000000000000000e+00 1.000000000000000e+00 1.000000000000000e+00
xras   = -9.999999403953552e-01 0.000000000000000e+00 -1.862645149230957e-09
yras   = 1.862645149230957e-09 1.455191522836685e-11 -1.000000119209290e+00
zras   = -3.118572067251080e-10 1.000000000000000e+00 6.139089236967266e-12
cras   = -1.952247619628906e+00 2.206451416015625e+01 -8.369308471679688e+00
dst volume info
valid = 1  # volume info valid
filename = /scratch/users/chrisgor/ds114_test1/derivatives/freesurfer/sub-02/mri/norm.mgz
volume = 256 256 256
voxelsize = 1.000000000000000e+00 1.000000000000000e+00 1.000000000000000e+00
xras   = -9.999999403953552e-01 0.000000000000000e+00 -1.862645149230957e-09
yras   = 1.862645149230957e-09 1.455191522836685e-11 -1.000000119209290e+00
zras   = -3.118572067251080e-10 1.000000000000000e+00 6.139089236967266e-12
cras   = -1.952247619628906e+00 2.206451416015625e+01 -8.369308471679688e+00
