# transform file transforms/talairach.lta
# created by chrisgor on Mon Sep 12 17:05:16 2016

type      = 0
nxforms   = 1
mean      = 128.0000 115.0000 130.0000
sigma     = 10000.0000
1 4 4
1.104984879493713e+00 -3.972320258617401e-02 1.444808393716812e-02 -1.436919689178467e+01 
3.595381230115891e-02 1.211952567100525e+00 9.273774921894073e-03 -2.405830955505371e+01 
-2.185350097715855e-02 -9.938778355717659e-03 1.078298807144165e+00 -2.672695541381836e+01 
0.000000000000000e+00 0.000000000000000e+00 0.000000000000000e+00 1.000000000000000e+00 
src volume info
valid = 1  # volume info valid
filename = nu.mgz
volume = 256 256 256
voxelsize = 1.000000000000000e+00 1.000000000000000e+00 1.000000000000000e+00
xras   = -9.999999403953552e-01 0.000000000000000e+00 -1.862645149230957e-09
yras   = 1.862645149230957e-09 1.455191522836685e-11 -1.000000119209290e+00
zras   = -3.118572067251080e-10 1.000000000000000e+00 6.139089236967266e-12
cras   = -1.952247619628906e+00 2.206451416015625e+01 -8.369308471679688e+00
dst volume info
valid = 1  # volume info valid
filename = /opt/freesurfer/average/RB_all_2008-03-26.gca
volume = 256 256 256
voxelsize = 1.000000000000000e+00 1.000000000000000e+00 1.000000000000000e+00
xras   = -1.000000000000000e+00 0.000000000000000e+00 0.000000000000000e+00
yras   = 0.000000000000000e+00 0.000000000000000e+00 -1.000000000000000e+00
zras   = 0.000000000000000e+00 1.000000000000000e+00 0.000000000000000e+00
cras   = 0.000000000000000e+00 0.000000000000000e+00 0.000000000000000e+00
