# transform file transforms/talairach_with_skull_2.lta
# created by chrisgor on Mon Sep 12 21:19:32 2016

type      = 0
nxforms   = 1
mean      = 128.0000 115.0000 130.0000
sigma     = 10000.0000
1 4 4
1.198100209236145e+00 -6.363405287265778e-02 1.551638729870319e-02 -2.332577133178711e+01 
5.712198093533516e-02 1.260476231575012e+00 9.908179752528667e-03 -3.151386642456055e+01 
-2.223958261311054e-02 -1.011436432600021e-02 1.097348809242249e+00 -2.860259246826172e+01 
0.000000000000000e+00 0.000000000000000e+00 0.000000000000000e+00 1.000000000000000e+00 
src volume info
valid = 1  # volume info valid
filename = nu_noneck.mgz
volume = 256 256 256
voxelsize = 1.000000000000000e+00 1.000000000000000e+00 1.000000000000000e+00
xras   = -9.999999403953552e-01 0.000000000000000e+00 -1.862645149230957e-09
yras   = 1.862645149230957e-09 1.455191522836685e-11 -1.000000119209290e+00
zras   = -3.118572067251080e-10 1.000000000000000e+00 6.139089236967266e-12
cras   = -1.952247619628906e+00 2.206451416015625e+01 -8.369308471679688e+00
dst volume info
valid = 1  # volume info valid
filename = /opt/freesurfer/average/RB_all_withskull_2008-03-26.gca
volume = 256 256 256
voxelsize = 1.000000000000000e+00 1.000000000000000e+00 1.000000000000000e+00
xras   = -1.000000000000000e+00 0.000000000000000e+00 0.000000000000000e+00
yras   = 0.000000000000000e+00 0.000000000000000e+00 -1.000000000000000e+00
zras   = 0.000000000000000e+00 1.000000000000000e+00 0.000000000000000e+00
cras   = 0.000000000000000e+00 0.000000000000000e+00 0.000000000000000e+00
fscale 0.150000
