# transform file transforms/talairach_with_skull.lta
# created by chrisgor on Mon Sep 12 16:47:09 2016

type      = 0
nxforms   = 1
mean      = 129.0000 136.0000 136.0000
sigma     = 10000.0000
1 4 4
1.194833040237427e+00 -4.202587902545929e-02 -1.190511393360794e-03 -2.349221611022949e+01 
3.970714658498764e-02 1.303535819053650e+00 2.802577242255211e-02 -3.764786529541016e+01 
3.248605935368687e-04 -3.045194037258625e-02 1.087074398994446e+00 -2.727153396606445e+01 
0.000000000000000e+00 0.000000000000000e+00 0.000000000000000e+00 1.000000000000000e+00 
src volume info
valid = 1  # volume info valid
filename = nu.mgz
volume = 256 256 256
voxelsize = 1.000000000000000e+00 1.000000000000000e+00 1.000000000000000e+00
xras   = -9.999999403953552e-01 0.000000000000000e+00 -1.862645149230957e-09
yras   = 1.862645149230957e-09 1.455191522836685e-11 -1.000000119209290e+00
zras   = -3.118572067251080e-10 1.000000000000000e+00 6.139089236967266e-12
cras   = -1.952247619628906e+00 2.206451416015625e+01 -8.369308471679688e+00
dst volume info
valid = 1  # volume info valid
filename = /opt/freesurfer/average/RB_all_withskull_2008-03-26.gca
volume = 256 256 256
voxelsize = 1.000000000000000e+00 1.000000000000000e+00 1.000000000000000e+00
xras   = -1.000000000000000e+00 0.000000000000000e+00 0.000000000000000e+00
yras   = 0.000000000000000e+00 0.000000000000000e+00 -1.000000000000000e+00
zras   = 0.000000000000000e+00 1.000000000000000e+00 0.000000000000000e+00
cras   = 0.000000000000000e+00 0.000000000000000e+00 0.000000000000000e+00
